epoch:0 0.2862  0.627  0.2064  0.0562  0.2042  0.3577  0.2961  0.4928  0.5158  0.1466  0.4076  0.5926  10.2977  0.001
epoch:1 0.4838  0.7968  0.5457  0.1396  0.3764  0.5564  0.4116  0.5988  0.6119  0.2176  0.5103  0.678  6.795  0.000997
epoch:2 0.5171  0.8012  0.5918  0.1553  0.3887  0.6069  0.4316  0.6275  0.6417  0.2621  0.5214  0.7191  6.001  0.000989
epoch:3 0.5141  0.8088  0.591  0.1761  0.3887  0.5993  0.4233  0.6196  0.6338  0.2862  0.5237  0.702  5.5277  0.000976
epoch:4 0.529  0.8047  0.6126  0.1665  0.4089  0.6172  0.4363  0.6368  0.6522  0.2911  0.5519  0.7188  5.4777  0.000957
epoch:5 0.5392  0.8118  0.6195  0.1607  0.4274  0.6265  0.4433  0.6439  0.6585  0.2811  0.5557  0.7277  5.5343  0.000934
epoch:6 0.5488  0.8041  0.6258  0.1799  0.4317  0.6376  0.4501  0.6522  0.6662  0.2907  0.563  0.7331  5.203  0.000905
epoch:7 0.5383  0.8123  0.6193  0.178  0.4279  0.6193  0.4364  0.6392  0.6529  0.294  0.5644  0.7156  5.054  0.000873
epoch:8 0.5504  0.8105  0.6346  0.1794  0.4213  0.6361  0.4512  0.6562  0.67  0.2923  0.5552  0.7408  4.9765  0.000836
epoch:9 0.5477  0.8153  0.6322  0.1778  0.428  0.6316  0.4426  0.6439  0.6548  0.3013  0.5573  0.7205  4.7849  0.000796
epoch:10 0.5556  0.8131  0.6371  0.1782  0.4179  0.6482  0.453  0.6507  0.6627  0.3062  0.55  0.7356  4.8175  0.000752
epoch:11 0.5744  0.8192  0.6585  0.2003  0.4419  0.6628  0.4656  0.6705  0.6835  0.3438  0.5653  0.7558  4.7742  0.000706
epoch:12 0.5751  0.8154  0.6529  0.1985  0.44  0.6653  0.4624  0.6696  0.6812  0.3179  0.5588  0.7563  4.5689  0.000658
epoch:13 0.5694  0.8114  0.6426  0.1945  0.4432  0.6621  0.4621  0.6689  0.6817  0.3194  0.5761  0.7494  4.6949  0.000608
epoch:14 0.5908  0.8181  0.6681  0.2143  0.4551  0.6833  0.4755  0.6841  0.6983  0.3451  0.5825  0.7721  4.6428  0.000557
epoch:15 0.5731  0.8164  0.6542  0.2065  0.4526  0.6618  0.4641  0.6706  0.6837  0.3467  0.577  0.7529  4.4717  0.000505
epoch:16 0.5829  0.8075  0.6555  0.196  0.4521  0.6762  0.4719  0.6792  0.6912  0.3326  0.5835  0.7648  4.4883  0.000453
epoch:17 0.5738  0.8186  0.6575  0.2131  0.4578  0.6613  0.4588  0.6689  0.6809  0.3632  0.5834  0.7473  4.4215  0.000402
epoch:18 0.5938  0.8143  0.6653  0.2039  0.4594  0.6881  0.4782  0.6908  0.7027  0.3478  0.5896  0.7763  4.2767  0.000352
epoch:19 0.5998  0.8179  0.6694  0.2124  0.4604  0.6954  0.485  0.6935  0.7053  0.3492  0.5862  0.7824  4.243  0.000304
epoch:20 0.5908  0.8105  0.663  0.2134  0.4584  0.6824  0.4777  0.6856  0.6964  0.3341  0.5806  0.7707  4.1676  0.000258
epoch:21 0.6065  0.8132  0.671  0.2027  0.4666  0.702  0.4891  0.6981  0.7084  0.3207  0.5863  0.7882  4.1393  0.000214
epoch:22 0.609  0.821  0.6764  0.213  0.4676  0.7055  0.4891  0.7014  0.7125  0.3475  0.5892  0.7897  4.2057  0.000174
epoch:23 0.6162  0.8228  0.6813  0.2205  0.4657  0.7146  0.4931  0.7048  0.7156  0.3572  0.588  0.7958  4.1138  0.000137
epoch:24 0.6098  0.815  0.6742  0.2118  0.4694  0.7052  0.4892  0.7019  0.7134  0.3327  0.594  0.7908  4.0424  0.000105
epoch:25 0.6156  0.8207  0.6802  0.2223  0.4702  0.7117  0.4941  0.7044  0.7153  0.3491  0.5903  0.794  3.9875  7.6e-05
epoch:26 0.614  0.8174  0.6808  0.2272  0.4685  0.7119  0.493  0.7053  0.7171  0.3655  0.5885  0.7971  3.8959  5.3e-05
epoch:27 0.6138  0.8166  0.678  0.218  0.4704  0.7108  0.492  0.7034  0.7141  0.3415  0.5929  0.7916  3.7767  3.4e-05
epoch:28 0.6221  0.8227  0.6869  0.2316  0.4766  0.7195  0.4972  0.7118  0.7231  0.3593  0.593  0.8022  3.8683  2.1e-05
epoch:29 0.6208  0.8227  0.6855  0.2299  0.4752  0.7196  0.4967  0.7132  0.7249  0.3586  0.6006  0.8039  3.8507  1.3e-05
