epoch:0 0.2894  0.6156  0.2106  0.0718  0.2207  0.3545  0.2879  0.4867  0.5137  0.1547  0.4266  0.5732  13.8523  0.001
epoch:1 0.5177  0.8104  0.5762  0.168  0.3694  0.6096  0.4287  0.6205  0.6365  0.2854  0.5155  0.7084  10.3397  0.000997
epoch:2 0.5002  0.815  0.5591  0.1591  0.3972  0.5794  0.4056  0.6007  0.6203  0.3094  0.5513  0.6741  9.6308  0.000989
epoch:3 0.5364  0.823  0.609  0.1778  0.4119  0.6274  0.4445  0.64  0.6569  0.2955  0.5507  0.7301  9.0669  0.000976
epoch:4 0.5443  0.815  0.6317  0.1655  0.4236  0.626  0.4421  0.6395  0.6565  0.2855  0.5655  0.7198  8.6265  0.000957
epoch:5 0.5549  0.8293  0.6397  0.2001  0.4293  0.6406  0.4495  0.65  0.6655  0.3195  0.5618  0.7333  8.4895  0.000934
epoch:6 0.562  0.8245  0.6475  0.1815  0.4343  0.6543  0.4527  0.6542  0.6722  0.3162  0.5751  0.7398  8.3588  0.000905
epoch:7 0.5674  0.8263  0.6489  0.1914  0.4404  0.6625  0.4585  0.6605  0.6772  0.3208  0.5754  0.7469  8.021  0.000873
epoch:8 0.5686  0.8314  0.6626  0.205  0.4571  0.6479  0.4504  0.6562  0.6721  0.3305  0.5884  0.7344  8.0916  0.000836
epoch:9 0.5491  0.8233  0.6382  0.1936  0.4358  0.6252  0.4386  0.6382  0.6555  0.3245  0.5768  0.7128  8.5334  0.000796
epoch:10 0.5844  0.8286  0.6636  0.2068  0.4406  0.6752  0.4659  0.6708  0.6861  0.3375  0.5723  0.7581  7.7581  0.000752
epoch:11 0.5832  0.8275  0.6591  0.198  0.4328  0.6741  0.4669  0.6688  0.6849  0.3338  0.5646  0.7596  7.6699  0.000706
epoch:12 0.5794  0.8076  0.6547  0.1967  0.4298  0.6779  0.4698  0.6681  0.6836  0.3269  0.5658  0.7627  7.6661  0.000658
epoch:13 0.5862  0.8138  0.6571  0.2049  0.4403  0.6829  0.4703  0.675  0.6891  0.3483  0.5766  0.764  7.86  0.000608
epoch:14 0.5894  0.8308  0.6724  0.2004  0.4505  0.6744  0.4684  0.6731  0.6879  0.3498  0.5766  0.7569  7.3954  0.000557
epoch:15 0.5819  0.8315  0.6646  0.2042  0.4523  0.6672  0.4662  0.6675  0.6826  0.349  0.5714  0.7508  6.8385  0.000505
epoch:16 0.5984  0.8273  0.6752  0.2118  0.4559  0.6886  0.4783  0.6799  0.6934  0.3344  0.5675  0.7691  7.163  0.000453
epoch:17 0.6144  0.8314  0.6851  0.2251  0.4661  0.7076  0.4846  0.6935  0.7081  0.3457  0.5861  0.7857  7.2802  0.000402
epoch:18 0.6209  0.8327  0.6879  0.2228  0.4752  0.7101  0.4869  0.6965  0.7121  0.362  0.6009  0.7829  6.9898  0.000352
epoch:19 0.602  0.8173  0.6688  0.2012  0.4635  0.696  0.4805  0.6872  0.7019  0.3369  0.5903  0.7743  6.9941  0.000304
epoch:20 0.6269  0.8338  0.6897  0.2316  0.4746  0.7183  0.493  0.7013  0.7156  0.3683  0.5963  0.7907  6.9415  0.000258
epoch:21 0.6236  0.8314  0.6904  0.2317  0.4738  0.7158  0.4905  0.6973  0.711  0.3548  0.591  0.7866  6.9724  0.000214
epoch:22 0.624  0.829  0.6891  0.2303  0.4768  0.7164  0.4899  0.6967  0.7108  0.354  0.5922  0.7869  6.6637  0.000174
epoch:23 0.6295  0.8328  0.6928  0.2345  0.4808  0.7209  0.4932  0.7004  0.7142  0.3582  0.5973  0.7902  6.6072  0.000137
epoch:24 0.628  0.8313  0.693  0.2348  0.4787  0.7227  0.4945  0.7019  0.7154  0.3515  0.5952  0.7937  6.4608  0.000105
epoch:25 0.633  0.8331  0.6962  0.2378  0.4827  0.7274  0.4981  0.707  0.72  0.3621  0.602  0.7987  6.538  7.6e-05
epoch:26 0.6341  0.8317  0.6948  0.2389  0.4831  0.7275  0.497  0.7047  0.7183  0.3668  0.5998  0.7953  6.4213  5.3e-05
epoch:27 0.6378  0.8379  0.6992  0.2412  0.4818  0.7316  0.4995  0.7091  0.7227  0.3655  0.6009  0.8003  6.3938  3.4e-05
epoch:28 0.6367  0.8354  0.699  0.2455  0.4808  0.73  0.5001  0.7069  0.7208  0.3699  0.5964  0.7983  6.8332  2.1e-05
epoch:29 0.6398  0.8361  0.7022  0.2452  0.4859  0.7342  0.5004  0.7105  0.7238  0.3622  0.6008  0.8023  6.2878  1.3e-05
